25
624
0 0 1
0 1 5
0 2 2
0 3 3
0 4 4
0 5 6
0 6 7
0 7 8
0 8 9
0 9 10
0 10 11
0 11 12
0 12 13
0 13 14
0 14 15
0 15 16
0 16 17
0 17 18
0 18 19
0 19 20
0 20 21
0 21 22
0 22 23
0 23 24
0 24 25
1 0 11
1 1 12
1 2 13
1 3 14
1 4 15
1 5 1
1 6 5
1 7 2
1 8 3
1 9 4
1 10 16
1 11 17
1 12 18
1 13 19
1 14 20
1 15 25
1 16 23
1 17 22
1 18 24
1 19 21
1 20 6
1 21 7
1 22 8
1 23 9
1 24 10
2 0 6
2 1 7
2 2 8
2 3 9
2 4 10
2 5 22
2 6 23
2 7 21
2 8 25
2 9 24
2 10 1
2 11 5
2 12 2
2 13 3
2 14 4
2 15 11
2 16 12
2 17 13
2 18 14
2 19 15
2 20 16
2 21 17
2 22 18
2 23 19
2 24 20
3 0 25
3 1 24
3 2 21
3 3 23
3 4 22
3 5 16
3 6 17
3 7 18
3 8 19
3 9 20
3 10 6
3 11 7
3 12 8
3 13 9
3 14 10
3 15 1
3 16 5
3 17 2
3 18 3
3 19 4
3 20 11
3 21 12
3 22 13
3 23 14
3 24 15
4 0 16
4 1 17
4 2 18
4 3 19
4 4 20
4 5 11
4 6 12
4 7 13
4 8 14
4 9 15
4 10 25
4 11 21
4 12 22
4 13 24
4 14 23
4 15 6
4 16 7
4 17 8
4 18 9
4 19 10
4 20 1
4 21 5
4 22 2
4 23 3
4 24 4
5 0 2
5 1 4
5 2 15
5 3 1
5 4 7
5 5 5
5 6 8
5 7 19
5 8 13
5 9 6
5 10 20
5 11 25
5 12 16
5 13 10
5 14 24
5 15 18
5 16 14
5 17 21
5 18 22
5 19 24
5 20 3
5 21 9
5 22 17
5 23 12
5 24 11
6 0 5
6 1 3
6 2 14
6 3 8
6 4 13
6 5 18
6 6 21
6 7 22
6 8 17
6 9 1
6 10 9
6 11 11
6 12 23
6 13 15
6 14 7
6 15 19
6 16 24
6 17 16
6 18 10
6 19 12
6 20 2
6 21 4
6 22 20
6 23 25
6 24 6
7 0 9
7 1 18
7 2 19
7 3 11
7 4 6
7 5 2
7 6 3
7 7 4
7 8 24
7 9 12
7 10 5
7 11 13
7 12 21
7 13 22
7 14 1
7 15 15
7 16 25
7 17 17
7 18 20
7 19 7
7 20 8
7 21 23
7 22 16
7 23 10
7 24 14
8 0 17
8 1 21
8 2 12
8 3 10
8 4 24
8 5 23
8 6 25
8 7 20
8 8 16
8 9 14
8 10 2
8 11 3
8 12 4
8 13 8
8 14 6
8 15 5
8 16 9
8 17 11
8 18 13
8 19 1
8 20 15
8 21 18
8 22 19
8 23 7
8 24 22
9 0 20
9 1 16
9 2 25
9 3 22
9 4 23
9 5 9
9 6 15
9 7 11
9 8 10
9 9 7
9 10 14
9 11 18
9 12 17
9 13 12
9 14 19
9 15 2
9 16 3
9 17 4
9 18 8
9 19 6
9 20 5
9 21 13
9 22 24
9 23 21
9 24 1
10 0 13
10 1 1
10 2 5
10 3 6
10 4 2
10 5 12
10 6 14
10 7 15
10 8 4
10 9 16
10 10 19
10 11 23
10 12 24
10 13 7
10 14 9
10 15 8
10 16 18
10 17 20
10 18 25
10 19 22
10 20 10
10 21 3
10 22 21
10 23 11
10 24 17
11 0 24
11 1 23
11 2 4
11 3 7
11 4 3
11 5 17
11 6 1
11 7 5
11 8 8
11 9 2
11 10 21
11 11 22
11 12 25
11 13 20
11 14 11
11 15 10
11 16 13
11 17 15
11 18 12
11 19 16
11 20 9
11 21 6
11 22 14
11 23 18
11 24 19
12 0 10
12 1 19
12 2 9
12 3 17
12 4 11
12 5 20
12 6 6
12 7 25
12 8 18
12 9 22
12 10 3
12 11 1
12 12 5
12 13 4
12 14 2
12 15 14
12 16 21
12 17 23
12 18 7
12 19 24
12 20 13
12 21 8
12 22 15
12 23 16
12 24 12
13 0 8
13 1 14
13 2 16
13 3 18
13 4 12
13 5 21
13 6 9
13 7 24
13 8 11
13 9 19
13 10 10
13 11 6
13 12 15
13 13 13
13 14 17
13 15 3
13 16 1
13 17 5
13 18 4
13 19 2
13 20 25
13 21 20
13 22 22
13 23 23
13 24 7
14 0 15
14 1 22
14 2 20
14 3 21
14 4 25
14 5 3
14 6 10
14 7 23
14 8 7
14 9 13
14 10 8
14 11 14
14 12 12
14 13 18
14 14 16
14 15 9
14 16 6
14 17 19
14 18 17
14 19 11
14 20 24
14 21 1
14 22 5
14 23 4
14 24 2
15 0 7
15 1 20
15 2 3
15 3 5
15 4 1
15 5 8
15 6 18
15 7 14
15 8 15
15 9 17
15 10 22
15 11 24
15 12 9
15 13 23
15 14 13
15 15 4
15 16 10
15 17 6
15 18 21
15 19 25
15 20 12
15 21 19
15 22 11
15 23 2
15 24 16
16 0 23
16 1 9
16 2 24
16 3 2
16 4 16
16 5 19
16 6 13
16 7 1
16 8 5
16 9 3
16 10 17
16 11 10
16 12 14
16 13 21
16 14 25
16 15 7
16 16 20
16 17 12
16 18 11
16 19 18
16 20 4
16 21 15
16 22 6
16 23 22
16 24 8
17 0 18
17 1 6
17 2 22
17 3 4
17 4 8
17 5 25
17 6 20
17 7 10
17 8 2
17 9 11
17 10 12
17 11 15
17 12 1
17 13 5
17 14 3
17 15 17
17 16 16
17 17 14
17 18 23
17 19 19
17 20 7
17 21 24
17 22 9
17 23 13
17 24 21
18 0 12
18 1 25
18 2 11
18 3 15
18 4 19
18 5 7
18 6 24
18 7 6
18 8 21
18 9 9
18 10 4
18 11 16
18 12 20
18 13 2
18 14 8
18 15 13
18 16 22
18 17 1
18 18 5
18 19 3
18 20 18
18 21 14
18 22 10
18 23 17
18 24 23
19 0 14
19 1 10
19 2 17
19 3 13
19 4 21
19 5 4
19 6 16
19 7 12
19 8 22
19 9 23
19 10 7
19 11 19
19 12 6
19 13 11
19 14 18
19 15 24
19 16 15
19 17 9
19 18 2
19 19 8
19 20 20
19 21 25
19 22 1
19 23 5
19 24 3
20 0 3
20 1 2
20 2 1
20 3 25
20 4 5
20 5 14
20 6 19
20 7 17
20 8 6
20 9 8
20 10 18
20 11 9
20 12 10
20 13 16
20 14 12
20 15 23
20 16 11
20 17 7
20 18 15
20 19 13
20 20 22
20 21 21
20 22 4
20 23 20
20 24 24
21 0 4
21 1 13
21 2 7
21 3 24
21 4 9
21 5 15
21 6 2
21 7 3
21 8 1
21 9 5
21 10 23
21 11 20
21 12 19
21 13 25
21 14 21
21 15 22
21 16 8
21 17 10
21 18 16
21 19 14
21 20 17
21 21 11
21 22 12
21 23 6
21 24 18
22 0 22
22 1 11
22 2 6
22 3 16
22 4 14
22 5 24
22 6 4
22 7 9
22 8 12
22 9 21
22 10 15
22 11 2
22 12 3
22 13 1
22 14 5
22 15 20
22 16 19
22 17 25
22 18 18
22 19 17
22 20 23
22 21 10
22 22 7
22 23 8
22 24 13
23 0 21
23 1 8
23 2 10
23 3 20
23 4 17
23 5 13
23 6 22
23 7 7
23 8 23
23 9 18
23 10 24
23 11 4
23 12 11
23 13 6
23 14 14
23 15 12
23 16 2
23 17 3
23 18 1
23 19 5
23 20 19
23 21 16
23 22 25
23 23 15
23 24 9
24 0 19
24 1 15
24 2 23
24 3 12
24 4 18
24 5 10
24 6 11
24 7 16
24 8 20
24 9 25
24 10 13
24 11 8
24 12 7
24 13 17
24 14 22
24 15 21
24 16 4
24 17 24
24 18 6
24 19 9
24 20 14
24 21 2
24 22 3
24 23 1
24 24 5