16
239
0 0 4
0 1 10
0 2 9
0 3 15
0 4 1
0 5 7
0 6 13
0 7 8
0 8 6
0 9 14
0 10 2
0 11 12
0 12 16
0 13 5
0 14 3
0 15 11
1 0 2
1 1 5
1 2 3
1 3 1
1 4 15
1 5 4
1 6 11
1 7 16
1 8 13
1 9 9
1 10 8
1 11 7
1 12 6
1 13 10
1 14 12
1 15 14
2 0 14
2 1 6
2 2 13
2 3 12
2 4 3
2 5 10
2 6 5
2 7 2
2 8 16
2 9 11
2 10 1
2 11 4
2 12 8
2 13 15
2 14 9
2 15 7
3 0 11
3 1 7
3 2 16
3 3 8
3 4 6
3 5 14
3 6 9
3 7 12
3 8 5
3 9 3
3 10 10
3 11 15
3 12 1
3 13 2
3 14 13
3 15 4
4 0 8
4 1 16
4 2 11
4 3 4
4 4 13
4 5 15
4 6 14
4 7 9
4 8 2
4 9 5
4 10 7
4 11 3
4 12 12
4 13 1
4 14 10
4 15 6
5 0 1
5 1 14
5 2 6
5 3 13
5 4 12
5 5 8
5 6 4
5 7 5
5 8 10
5 9 16
5 10 9
5 11 11
5 12 2
5 13 3
5 14 7
5 15 15
6 0 10
6 1 15
6 2 5
6 3 3
6 4 2
6 5 1
6 6 6
6 7 7
6 8 4
6 9 12
6 10 14
6 11 8
6 12 9
6 13 11
6 14 16
6 15 13
7 0 12
7 1 2
7 2 7
7 3 9
7 4 11
7 5 3
7 6 16
7 7 10
7 8 15
7 9 13
7 10 6
7 11 1
7 12 4
7 13 8
7 14 14
7 15 5
8 0 9
8 1 4
8 2 1
8 3 10
8 4 14
8 5 2
8 6 3
8 7 13
8 8 11
8 9 15
8 10 12
8 11 6
8 12 7
8 13 16
8 14 5
8 15 8
9 0 5
9 1 8
9 2 14
9 3 16
9 4 7
9 5 9
9 6 1
9 7 6
9 8 3
9 9 4
9 10 13
9 11 10
9 12 11
9 13 12
9 14 15
9 15 2
10 0 7
10 1 3
10 2 15
10 3 6
10 4 16
10 5 11
10 6 12
10 7 4
10 8 8
10 9 2
10 10 5
10 11 9
10 12 14
10 13 13
10 14 1
10 15 10
11 0 13
11 1 12
11 2 2
11 3 11
11 4 10
11 5 5
11 6 8
11 7 15
11 8 7
11 9 1
11 10 16
11 11 14
11 12 3
11 13 6
11 14 4
11 15 9
12 0 15
12 1 9
12 2 8
12 3 2
12 4 4
12 5 12
12 6 7
12 7 3
12 8 1
12 9 10
12 10 11
12 11 13
12 12 5
12 13 14
12 14 6
12 15 16
13 0 6
13 1 13
13 2 12
13 3 5
13 4 9
13 5 16
13 6 15
13 7 1
13 8 14
13 9 8
13 10 4
13 11 2
13 12 10
13 13 7
13 14 11
13 15 3
14 0 16
14 1 11
14 2 4
14 3 7
14 4 8
14 5 13
14 6 10
14 7 14
14 8 12
14 9 6
14 10 3
14 11 5
14 12 15
14 13 9
14 14 2
14 15 1
15 0 3
15 1 1
15 2 10
15 3 14
15 4 5
15 5 6
15 6 2
15 7 11
15 8 9
15 9 7
15 10 15
15 11 16
15 12 13
15 13 4
15 14 8
15 15 12